#電気 1
16
999
2                立上り
110   01      -15       0       -0.75   0
00    00        7.07    7.07     10     10        1  1 
100   00        0.53    0.53     6.8943 6.8943     
100   00        3.5     4.5      6.8943 6.8943     
100   00        3.5     3.5      3.5    4.5        
101   01        0       0        0      360       0  0   -11   e  0.75
997
1                ２線
110  10   -12       0       12      0
01   01    -1.25   -1.299    0.25   1.299     1  1 
01   01    -0.25   -1.299    1.25   1.299     1  1 
08   00     0       0       0      360    7    1  -11   e  0.5    原点位置ﾀﾞﾐｰ
999
1                ３線
110  10   -12       0       12      0
01   01    -1.75   -1.299   -0.25   1.299     1  1 
01   01    -0.75   -1.299    0.75   1.299     1  1 
01   01     0.25   -1.299    1.75   1.299     1  1 
08   00     0       0       0      360    7    1  -11   e  0.5    原点位置ﾀﾞﾐｰ
999
1                ４線
110  10   -12       0       12      0
01   01    -2.75   -1.299   -1.25   1.299     1  1 
01   01    -1.75   -1.299   -0.25   1.299     1  1 
01   01     0.25   -1.299    1.75   1.299     1  1 
01   01     1.25   -1.299    2.75   1.299     1  1 
08   00     0       0       0      360    7    1  -11   e  0.5    原点位置ﾀﾞﾐｰ
999
1                ５線
110  10   -12       0       12      0
01   01    -3.75   -1.299   -2.25   1.299     1  1 
01   01    -2.75   -1.299   -1.25   1.299     1  1 
01   01    -1.75   -1.299   -0.25   1.299     1  1 
01   01     0.25   -1.299    1.75   1.299     1  1 
01   01     1.25   -1.299    2.75   1.299     1  1 
08   00     0       0       0      360    7    1  -11   e  0.5    原点位置ﾀﾞﾐｰ
999
1                ６線
110  10   -12       0       12      0
01   01    -3.75   -1.299   -2.25   1.299     1  1 
01   01    -2.75   -1.299   -1.25   1.299     1  1 
01   01    -1.75   -1.299   -0.25   1.299     1  1 
01   01     0.25   -1.299    1.75   1.299     1  1 
01   01     1.25   -1.299    2.75   1.299     1  1 
01   01     2.25   -1.299    3.75   1.299     1  1 
08   00     0       0       0      360    7    1  -11   e  0.5    原点位置ﾀﾞﾐｰ
999
1                ７線
110  10   -12       0       12      0
01   01    -4.75   -1.299   -3.25   1.299     1  1 
01   01    -3.75   -1.299   -2.25   1.299     1  1 
01   01    -2.75   -1.299   -1.25   1.299     1  1 
01   01    -0.75   -1.299    0.75   1.299     1  1 
01   01     0.25   -1.299    1.75   1.299     1  1 
01   01     1.25   -1.299    2.75   1.299     1  1 
01   01     3.25   -1.299    4.75   1.299     1  1 
08   00     0       0       0      360    7    1  -11   e  0.5    原点位置ﾀﾞﾐｰ
999
1                ８線
110  10   -12       0       12      0
01   01    -4.75   -1.299   -3.25   1.299     1  1 
01   01    -3.75   -1.299   -2.25   1.299     1  1 
01   01    -2.75   -1.299   -1.25   1.299     1  1 
01   01    -0.75   -1.299    0.75   1.299     1  1 
01   01     0.25   -1.299    1.75   1.299     1  1 
01   01     1.25   -1.299    2.75   1.299     1  1 
01   01     3.25   -1.299    4.75   1.299     1  1 
01   01     4.25   -1.299    5.75   1.299     1  1 
08   00     0       0       0      360    7    1  -11   e  0.5    原点位置ﾀﾞﾐｰ
999
2                立下り
110  01    -15       0       -0.75     0
00   00     -7.07   -7.07    -10      -10        1  1 
100  00     -0.53   -0.53    -6.8943  -6.8943     
100  00     -4.5    -3.5     -6.8943  -6.8943     
100  00     -3.5    -3.5     -4.5     -3.5          
101  01      0       0        0        360       0  0   -11   e  0.75
997
1                ２線 (ｱｰｽ)
110  10   -12       0       12      0
01   01    -1.25   -1.299    0.25   1.299     1  1 
01   01    -0.25   -1.299    1.25   1.299     1  1 
01   01     2.5    -0.866    2      0.866     1  1 
08   00     0       0       0      360    7    1  -11   e  0.5    原点位置ﾀﾞﾐｰ
999
1                ３線 (ｱｰｽ)
110  10   -12       0       12      0
01   01    -1.75   -1.299   -0.25   1.299     1  1 
01   01    -0.75   -1.299    0.75   1.299     1  1 
01   01     0.25   -1.299    1.75   1.299     1  1 
01   01     3.5    -0.866    2.5    0.866     1  1 
08   00     0       0       0      360    7    1  -11   e  0.5    原点位置ﾀﾞﾐｰ
999
1                ４線 (ｱｰｽ)
110  10   -12       0       12      0
01   01    -2.75   -1.299   -1.25   1.299     1  1 
01   01    -1.75   -1.299   -0.25   1.299     1  1 
01   01     0.25   -1.299    1.75   1.299     1  1 
01   01     1.25   -1.299    2.75   1.299     1  1 
01   01     4.5    -0.866    3.5    0.866     1  1 
08   00     0       0       0      360    7    1  -11   e  0.5    原点位置ﾀﾞﾐｰ
999
1                ５線 (ｱｰｽ)
110  10   -12       0       12      0
01   01    -3.75   -1.299   -2.25   1.299     1  1 
01   01    -2.75   -1.299   -1.25   1.299     1  1 
01   01    -1.75   -1.299   -0.25   1.299     1  1 
01   01     0.25   -1.299    1.75   1.299     1  1 
01   01     1.25   -1.299    2.75   1.299     1  1 
01   01     4.5    -0.866    3.5    0.866     1  1 
08   00     0       0       0      360    7    1  -11   e  0.5    原点位置ﾀﾞﾐｰ
999
1                ６線 (ｱｰｽ)
110  10   -12       0       12      0
01   01    -3.75   -1.299   -2.25   1.299     1  1 
01   01    -2.75   -1.299   -1.25   1.299     1  1 
01   01    -1.75   -1.299   -0.25   1.299     1  1 
01   01     0.25   -1.299    1.75   1.299     1  1 
01   01     1.25   -1.299    2.75   1.299     1  1 
01   01     2.25   -1.299    3.75   1.299     1  1 
01   01     5.5    -0.866    4.5    0.866     1  1 
08   00     0       0       0      360    7    1  -11   e  0.5    原点位置ﾀﾞﾐｰ
999
1                壁付コンセント
110  10  -12       0       12      0
01   01    0       1.75     0    360   0  0  -11  e   1.75
01   01   -0.75    1.75     0      0    30000   4  -11         実点データ
08   01   -0.75    1.75     0    360   4  1  -11  e   0.1 
01   01    0.75    1.75     0      0    30000   4  -11         実点データ
08   01    0.75    1.75     0    360   4  1  -11  e   0.1 
01   01   -1.47    0.8      1.47   0.8
01   01   -1.40    0.7      1.40   0.7
01   01   -1.319   0.6      1.319  0.6
01   01   -1.225   0.5      1.225  0.5
01   01   -1.114   0.4      1.114  0.4
01   01   -0.980   0.3      0.980  0.3
01   01   -0.812   0.2      0.812  0.2
01   01   -0.583   0.1      0.583  0.1
999
1                換気扇
110  01  -12       0       -2      0
101  10    2       0       12      0
01   01    0       0        0    360   0  0  -11  e   2.00
01   01   -1       0        0    360   0  0  -11  e   1.00
01   01    1       0        0    360   0  0  -11  e   1.00
999

